Id;Version;Date;Age;VersionAge; CyclomaticComplexity; NPathComplexity;ExcessiveMethodLength;ExcessiveClassLength;ExcessiveParameterList;ExcessivePublicCount;TooManyFields;TooManyMethods;TooManyPublicMethods;ExcessiveClassComplexity;NumberOfChildren;DepthOfInheritance;CouplingBetweenObjects;DevelopmentCodeFragment;UnusedPrivateField;UnusedLocalVariable;UnusedPrivateMethod;UnusedFormalParameter; embed JS;inline JS;embed CSS;inline CSS;css in JS;css in JS: jquery; max-lines;max-lines-per-function;max-params;complexity;max-depth;max-nested-callbacks;PHP;HTML;JavaScript;CSS;HTML_template;HTML_diff;Client;SUM
1;2_7_2;2005-06-01;0;0;471;249;117;15;10;25;33;26;71;67;5;0;0;17;0;682;0;372;82;260;34;215;68;0;6;49;12;28;0;0;167944;30641;6653;808;59;10475;38102;234783
2;2_8_0;2005-11-11;163;163;471;251;118;15;10;26;33;26;71;67;5;0;0;17;0;685;0;371;110;291;41;255;68;0;8;64;17;36;0;0;170319;31991;7209;814;59;11789;40014;238799
3;2_8_1;2006-01-17;230;67;471;251;119;15;10;26;33;26;72;67;5;0;0;17;0;685;0;373;115;294;44;261;68;0;8;64;18;36;0;0;171327;32392;7300;829;59;12146;40521;240590
4;2_8_3;2007-08-22;812;582;490;265;129;15;10;28;33;27;74;72;5;0;0;17;0;722;0;366;187;633;82;359;74;0;8;66;18;51;6;0;184255;36382;9158;1096;59;15231;46636;261746
5;2_9_0;2008-08-06;1162;350;546;294;139;15;11;30;35;28;77;75;5;0;0;18;0;849;0;384;292;721;157;574;83;21;10;94;57;115;77;0;199699;49104;12915;2559;59;21239;64578;271228
6;3_0_0;2009-03-15;1383;221;558;302;144;15;10;30;35;28;77;75;2;0;0;18;0;856;0;383;315;730;164;614;83;21;10;97;57;115;77;0;204805;50897;13686;3230;59;22874;67813;276877
7;3_0_1;2009-03-31;1399;16;559;302;144;15;10;30;35;28;77;75;2;0;0;18;0;856;0;383;317;737;164;618;83;21;10;97;57;115;77;0;205126;51082;13729;3230;59;23015;68041;277786
8;3_1_0;2009-08-24;1545;146;475;256;121;15;10;26;33;27;71;68;5;0;0;17;0;691;0;367;137;355;65;357;68;0;9;68;15;35;0;0;174374;39805;8716;828;59;13381;49349;225731
9;3_2_0;2010-02-16;1721;176;478;254;118;15;9;30;35;28;74;74;2;0;0;18;0;684;0;343;278;552;150;552;48;21;10;68;51;103;77;0;110976;43334;11991;3121;59;18924;58446;174184
10;4_0_0;2011-03-26;2124;403;520;285;137;15;10;30;35;28;77;76;2;0;0;18;0;750;0;399;388;870;205;945;88;194;16;181;110;217;150;0;130321;51183;20423;5334;59;27683;76940;251219
11;4_1_0;2011-09-21;2303;179;561;301;146;15;12;30;35;28;83;82;3;0;2;18;0;811;0;425;479;1066;228;1127;222;260;125;965;406;691;320;12;148762;60587;103604;14978;59;32896;179169;373073
12;4_1_1;2012-08-30;2647;344;667;369;174;20;15;37;44;39;101;107;3;0;3;26;0;886;0;477;507;1117;235;1238;552;354;138;1257;622;1086;398;13;167654;69504;120951;17160;59;34561;207615;421276
13;4_1_2;2013-08-17;2999;352;923;533;284;35;26;47;52;47;119;133;3;3;3;28;0;1137;0;540;533;1203;255;1363;557;355;139;1277;671;1167;410;13;202987;82488;123030;19097;59;46711;224615;473299
14;4_1_2_3;2013-11-02;3076;77;924;534;284;35;26;47;52;47;119;133;3;3;3;28;0;1139;0;539;535;1206;255;1364;557;355;139;1277;671;1167;410;13;203143;82549;123054;19093;59;46757;224696;473512
15;4_1_2_6;2014-06-07;3293;217;924;534;284;35;26;47;52;47;119;133;3;3;3;28;0;1139;0;539;535;1206;255;1364;557;355;139;1277;671;1167;410;13;203399;82554;123054;19093;59;46762;224701;473785
16;4_1_2_7;2014-06-13;3299;6;924;534;284;35;26;47;52;47;119;133;3;3;3;28;0;1139;0;539;535;1206;255;1364;557;355;139;1277;671;1167;410;13;203406;82554;123054;19093;59;46762;224701;473792
17;4_2_0;2014-12-21;3490;191;1375;761;350;50;31;52;64;56;196;290;11;3;61;26;0;1275;1;676;582;1298;285;1537;631;870;145;1885;816;1481;483;18;361001;87500;150534;24528;59;51427;262562;673169
18;4_2_0_3;2015-05-30;3650;160;1376;761;351;50;31;52;64;56;196;290;11;3;61;26;0;1279;1;677;582;1299;285;1537;631;870;145;1885;816;1481;483;18;364145;87556;150556;24528;59;51483;262640;676369
19;4_2_1;2016-03-24;3949;299;1435;799;386;52;33;56;64;58;201;299;13;3;61;27;0;1506;1;750;626;1333;300;1705;839;1439;164;2551;1106;2053;605;18;388481;93143;181064;26054;59;56999;300261;751073
20;4_2_2;2016-05-18;4004;55;1338;775;375;53;33;48;53;54;182;289;16;0;60;19;0;1391;1;670;629;1331;302;1707;839;1439;164;2552;1106;2053;605;18;383604;87109;181121;28381;192;56985;296611;744592
21;5_0_0;2017-02-14;4276;272;515;319;236;15;30;16;13;13;31;45;3;0;2;7;0;1507;1;307;668;1605;313;2521;1110;3000;261;7853;2731;4144;739;191;185670;76909;453022;155766;0;54393;685697;951074
22;5_0_0_5;2017-09-23;4497;221;515;319;236;15;30;16;13;13;31;45;3;0;2;7;0;1507;1;307;668;1605;312;2492;1110;3000;261;7853;2731;4144;739;191;185641;76923;453018;155767;0;54406;685708;951076
23;5_0_0_6;2017-11-10;4545;48;515;319;236;15;30;16;13;13;31;45;3;0;2;7;0;1507;1;307;668;1605;312;2492;1110;3000;261;7853;2731;4144;739;191;185695;76923;453018;155767;0;54406;685708;951130
24;5_0_1;2018-04-21;4707;162;1210;950;420;55;33;117;117;15;92;229;7;0;67;14;5;1630;5;363;666;1565;228;2501;1785;3606;209;10191;3102;4710;946;200;391800;86540;543552;218573;64;65615;848665;1344937
25;5_0_1_1;2018-04-28;4714;7;1210;950;420;55;33;117;117;15;92;229;7;0;67;14;5;1630;5;363;666;1565;228;2501;1785;3606;209;10191;3102;4710;946;200;391803;86540;543552;218573;64;65615;848665;1344940
26;5_0_1_2;2018-05-07;4723;9;1210;950;420;55;33;117;117;15;92;229;7;0;67;14;5;1630;5;363;666;1565;228;2501;1785;3606;209;10191;3102;4710;946;200;391798;86544;543556;218573;64;65619;848673;1344939
27;5_0_1_3;2018-05-28;4744;21;1209;950;419;55;33;117;117;15;92;229;7;0;67;14;5;1630;5;363;666;1565;228;2503;1785;3606;209;10191;3102;4710;946;200;391821;86540;543601;218573;64;65615;848714;1345087
28;5_0_1_4;2018-07-15;4792;48;1209;950;419;55;33;117;117;15;92;229;7;0;67;14;5;1630;5;363;666;1565;228;2503;1785;3606;209;10191;3102;4710;946;200;391873;86542;543604;218573;64;65617;848719;1345248
29;5_0_1_5;2018-08-17;4825;33;1209;950;419;55;33;117;117;15;92;229;7;0;67;15;5;1630;5;363;666;1565;228;2503;1785;3606;209;10191;3102;4710;946;200;391890;86552;543662;218573;64;65627;848787;1345318
30;5_0_1_6;2018-09-09;4848;23;1209;950;419;55;33;117;117;15;92;229;7;0;67;15;5;1630;5;363;666;1565;228;2503;1781;3606;209;10191;3087;4708;946;200;391884;86551;543641;218573;64;65626;848765;1345290
31;5_0_1_7;2019-02-15;5007;159;1209;950;419;55;33;117;117;15;92;229;7;0;67;15;5;1632;5;362;666;1565;228;2506;1781;3606;210;10191;3087;4708;946;200;392026;86618;543768;218566;64;65693;848952;1345584
32;5_0_2;2019-08-04;5177;170;1349;1095;440;71;29;139;138;11;119;284;7;0;94;13;30;1495;8;311;612;1550;221;2360;400;1158;42;1684;503;975;239;6;445431;79028;106395;20135;65;68960;205558;732076
33;5_0_2_1;2019-10-11;5245;68;1350;1098;440;71;29;139;138;11;119;284;7;0;94;13;30;1497;8;312;620;1551;221;2370;400;1167;41;1670;503;975;239;6;445731;79149;106673;20134;65;69050;205956;732875
